2285772
2301026
2288687
2284688
2282984
2282464
2301149
2302953
2281332
2298730
2301583
2302430
2302475
2293325
2291149
2283221
2284398
2286812
2287661
2288992
2288873
2299832
2299837
2299319
2291595
2291872
2290421
2286688
2281791
2290746
2281077
2281470
2283493
2300519
2288265
2286285
2282922
2302853
2288069
2286484
2280469
2302333
2285437
2301206
2300558
2288743
2297664
2297783
2300593
2292530
2291167
2298678
2302926
2301715
2285022
2291802
2289343
2288771
2281789
2301599
2282832
2298685
2299333
2287361
2291412
2299936
2290248
2297876